# t Pp Pd
0.000000000000000000e+00 1.050000000000000000e+02 5.750000000000000000e+01
5.000000000000000104e-03 1.045000000000000000e+02 5.775000000000000000e+01
1.000000000000000021e-02 1.040000000000000000e+02 5.825000000000000000e+01
1.499999999999999944e-02 1.037500000000000000e+02 5.900000000000000000e+01
2.000000000000000042e-02 1.035000000000000000e+02 6.075000000000000000e+01
2.500000000000000139e-02 1.035000000000000000e+02 6.275000000000000000e+01
3.000000000000000236e-02 1.037500000000000000e+02 6.425000000000000000e+01
3.500000000000000333e-02 1.040000000000000000e+02 6.575000000000000000e+01
4.000000000000000083e-02 1.042500000000000000e+02 6.825000000000000000e+01
4.499999999999999833e-02 1.040000000000000000e+02 7.075000000000000000e+01
4.999999999999999584e-02 1.032500000000000000e+02 7.325000000000000000e+01
5.499999999999999334e-02 1.027500000000000000e+02 7.575000000000000000e+01
5.999999999999999084e-02 1.025000000000000000e+02 7.850000000000000000e+01
6.499999999999998834e-02 1.025000000000000000e+02 8.100000000000000000e+01
6.999999999999999278e-02 1.032500000000000000e+02 8.350000000000000000e+01
7.499999999999999722e-02 1.050000000000000000e+02 8.600000000000000000e+01
8.000000000000000167e-02 1.075000000000000000e+02 8.825000000000000000e+01
8.500000000000000611e-02 1.105000000000000000e+02 9.050000000000000000e+01
9.000000000000001055e-02 1.137500000000000000e+02 9.225000000000000000e+01
9.500000000000001499e-02 1.170000000000000000e+02 9.400000000000000000e+01
1.000000000000000194e-01 1.197500000000000000e+02 9.550000000000000000e+01
1.050000000000000239e-01 1.232500000000000000e+02 9.725000000000000000e+01
1.100000000000000283e-01 1.270000000000000000e+02 9.850000000000000000e+01
1.150000000000000328e-01 1.302500000000000000e+02 9.975000000000000000e+01
1.200000000000000372e-01 1.320000000000000000e+02 1.010000000000000000e+02
1.250000000000000278e-01 1.327500000000000000e+02 1.020000000000000000e+02
1.300000000000000322e-01 1.327500000000000000e+02 1.032500000000000000e+02
1.350000000000000366e-01 1.330000000000000000e+02 1.042500000000000000e+02
1.400000000000000411e-01 1.337500000000000000e+02 1.052500000000000000e+02
1.450000000000000455e-01 1.360000000000000000e+02 1.067500000000000000e+02
1.500000000000000500e-01 1.392500000000000000e+02 1.077500000000000000e+02
1.550000000000000544e-01 1.430000000000000000e+02 1.092500000000000000e+02
1.600000000000000588e-01 1.465000000000000000e+02 1.105000000000000000e+02
1.650000000000000633e-01 1.500000000000000000e+02 1.115000000000000000e+02
1.700000000000000677e-01 1.525000000000000000e+02 1.132500000000000000e+02
1.750000000000000722e-01 1.540000000000000000e+02 1.147500000000000000e+02
1.800000000000000766e-01 1.557500000000000000e+02 1.160000000000000000e+02
1.850000000000000810e-01 1.570000000000000000e+02 1.175000000000000000e+02
1.900000000000000855e-01 1.582500000000000000e+02 1.187500000000000000e+02
1.950000000000000899e-01 1.600000000000000000e+02 1.197500000000000000e+02
2.000000000000000944e-01 1.620000000000000000e+02 1.212500000000000000e+02
2.050000000000000988e-01 1.637500000000000000e+02 1.227500000000000000e+02
2.100000000000001033e-01 1.660000000000000000e+02 1.235000000000000000e+02
2.150000000000001077e-01 1.682500000000000000e+02 1.247500000000000000e+02
2.200000000000001121e-01 1.702500000000000000e+02 1.257500000000000000e+02
2.250000000000001166e-01 1.720000000000000000e+02 1.270000000000000000e+02
2.300000000000001210e-01 1.735000000000000000e+02 1.282500000000000000e+02
2.350000000000001255e-01 1.745000000000000000e+02 1.292500000000000000e+02
2.400000000000001299e-01 1.757500000000000000e+02 1.305000000000000000e+02
2.450000000000001343e-01 1.767500000000000000e+02 1.315000000000000000e+02
2.500000000000001110e-01 1.782500000000000000e+02 1.322500000000000000e+02
2.550000000000001155e-01 1.795000000000000000e+02 1.330000000000000000e+02
2.600000000000001199e-01 1.807500000000000000e+02 1.335000000000000000e+02
2.650000000000001243e-01 1.815000000000000000e+02 1.345000000000000000e+02
2.700000000000001288e-01 1.825000000000000000e+02 1.352500000000000000e+02
2.750000000000001332e-01 1.832500000000000000e+02 1.357500000000000000e+02
2.800000000000001377e-01 1.840000000000000000e+02 1.365000000000000000e+02
2.850000000000001421e-01 1.845000000000000000e+02 1.370000000000000000e+02
2.900000000000001465e-01 1.852500000000000000e+02 1.375000000000000000e+02
2.950000000000001510e-01 1.860000000000000000e+02 1.380000000000000000e+02
3.000000000000001554e-01 1.865000000000000000e+02 1.382500000000000000e+02
3.050000000000001599e-01 1.865000000000000000e+02 1.382500000000000000e+02
3.100000000000001643e-01 1.870000000000000000e+02 1.387500000000000000e+02
3.150000000000001688e-01 1.867500000000000000e+02 1.387500000000000000e+02
3.200000000000001732e-01 1.867500000000000000e+02 1.392500000000000000e+02
3.250000000000001776e-01 1.862500000000000000e+02 1.392500000000000000e+02
3.300000000000001821e-01 1.857500000000000000e+02 1.390000000000000000e+02
3.350000000000001865e-01 1.852500000000000000e+02 1.387500000000000000e+02
3.400000000000001910e-01 1.842500000000000000e+02 1.382500000000000000e+02
3.450000000000001954e-01 1.835000000000000000e+02 1.375000000000000000e+02
3.500000000000001998e-01 1.820000000000000000e+02 1.365000000000000000e+02
3.550000000000002043e-01 1.802500000000000000e+02 1.355000000000000000e+02
3.600000000000002087e-01 1.780000000000000000e+02 1.340000000000000000e+02
3.650000000000002132e-01 1.752500000000000000e+02 1.327500000000000000e+02
3.700000000000002176e-01 1.725000000000000000e+02 1.305000000000000000e+02
3.750000000000002220e-01 1.685000000000000000e+02 1.285000000000000000e+02
3.800000000000002265e-01 1.647500000000000000e+02 1.257500000000000000e+02
3.850000000000002309e-01 1.610000000000000000e+02 1.227500000000000000e+02
3.900000000000002354e-01 1.577500000000000000e+02 1.197500000000000000e+02
3.950000000000002398e-01 1.555000000000000000e+02 1.170000000000000000e+02
4.000000000000002442e-01 1.552500000000000000e+02 1.145000000000000000e+02
4.050000000000002487e-01 1.565000000000000000e+02 1.115000000000000000e+02
4.100000000000002531e-01 1.577500000000000000e+02 1.085000000000000000e+02
4.150000000000002576e-01 1.582500000000000000e+02 1.060000000000000000e+02
4.200000000000002620e-01 1.580000000000000000e+02 1.032500000000000000e+02
4.250000000000002665e-01 1.562500000000000000e+02 1.010000000000000000e+02
4.300000000000002709e-01 1.542500000000000000e+02 9.850000000000000000e+01
4.350000000000002753e-01 1.522500000000000000e+02 9.625000000000000000e+01
4.400000000000002798e-01 1.510000000000000000e+02 9.375000000000000000e+01
4.450000000000002842e-01 1.507500000000000000e+02 9.125000000000000000e+01
4.500000000000002887e-01 1.502500000000000000e+02 8.875000000000000000e+01
4.550000000000002931e-01 1.497500000000000000e+02 8.675000000000000000e+01
4.600000000000002975e-01 1.490000000000000000e+02 8.450000000000000000e+01
4.650000000000003020e-01 1.477500000000000000e+02 8.225000000000000000e+01
4.700000000000003064e-01 1.465000000000000000e+02 8.025000000000000000e+01
4.750000000000003109e-01 1.450000000000000000e+02 7.850000000000000000e+01
4.800000000000003153e-01 1.440000000000000000e+02 7.650000000000000000e+01
4.850000000000003197e-01 1.427500000000000000e+02 7.475000000000000000e+01
4.900000000000003242e-01 1.420000000000000000e+02 7.300000000000000000e+01
4.950000000000003286e-01 1.412500000000000000e+02 7.175000000000000000e+01
5.000000000000003331e-01 1.407500000000000000e+02 7.025000000000000000e+01
5.050000000000003375e-01 1.397500000000000000e+02 6.875000000000000000e+01
5.100000000000003419e-01 1.387500000000000000e+02 6.725000000000000000e+01
5.150000000000003464e-01 1.380000000000000000e+02 6.600000000000000000e+01
5.200000000000003508e-01 1.370000000000000000e+02 6.450000000000000000e+01
5.250000000000003553e-01 1.365000000000000000e+02 6.300000000000000000e+01
5.300000000000003597e-01 1.352500000000000000e+02 6.200000000000000000e+01
5.350000000000003642e-01 1.345000000000000000e+02 6.125000000000000000e+01
5.400000000000003686e-01 1.335000000000000000e+02 6.000000000000000000e+01
5.450000000000003730e-01 1.327500000000000000e+02 5.950000000000000000e+01
5.500000000000003775e-01 1.322500000000000000e+02 5.875000000000000000e+01
5.550000000000003819e-01 1.315000000000000000e+02 5.800000000000000000e+01
5.600000000000003864e-01 1.310000000000000000e+02 5.750000000000000000e+01
5.650000000000003908e-01 1.302500000000000000e+02 5.700000000000000000e+01
5.700000000000003952e-01 1.295000000000000000e+02 5.650000000000000000e+01
5.750000000000003997e-01 1.290000000000000000e+02 5.650000000000000000e+01
5.800000000000004041e-01 1.282500000000000000e+02 5.625000000000000000e+01
5.850000000000004086e-01 1.275000000000000000e+02 5.625000000000000000e+01
5.900000000000004130e-01 1.267500000000000000e+02 5.600000000000000000e+01
5.950000000000004174e-01 1.262500000000000000e+02 5.600000000000000000e+01
6.000000000000004219e-01 1.255000000000000000e+02 5.575000000000000000e+01
6.050000000000004263e-01 1.247500000000000000e+02 5.550000000000000000e+01
6.100000000000004308e-01 1.240000000000000000e+02 5.525000000000000000e+01
6.150000000000004352e-01 1.235000000000000000e+02 5.525000000000000000e+01
6.200000000000004396e-01 1.230000000000000000e+02 5.525000000000000000e+01
6.250000000000004441e-01 1.225000000000000000e+02 5.500000000000000000e+01
6.300000000000004485e-01 1.220000000000000000e+02 5.475000000000000000e+01
6.350000000000004530e-01 1.210000000000000000e+02 5.475000000000000000e+01
6.400000000000004574e-01 1.207500000000000000e+02 5.450000000000000000e+01
6.450000000000004619e-01 1.202500000000000000e+02 5.425000000000000000e+01
6.500000000000004663e-01 1.192500000000000000e+02 5.400000000000000000e+01
6.550000000000004707e-01 1.190000000000000000e+02 5.375000000000000000e+01
6.600000000000004752e-01 1.185000000000000000e+02 5.375000000000000000e+01
6.650000000000004796e-01 1.177500000000000000e+02 5.350000000000000000e+01
6.700000000000004841e-01 1.175000000000000000e+02 5.350000000000000000e+01
6.750000000000004885e-01 1.167500000000000000e+02 5.325000000000000000e+01
6.800000000000004929e-01 1.165000000000000000e+02 5.300000000000000000e+01
6.850000000000004974e-01 1.160000000000000000e+02 5.300000000000000000e+01
6.900000000000005018e-01 1.155000000000000000e+02 5.300000000000000000e+01
6.950000000000005063e-01 1.152500000000000000e+02 5.300000000000000000e+01
7.000000000000005107e-01 1.147500000000000000e+02 5.325000000000000000e+01
7.050000000000005151e-01 1.142500000000000000e+02 5.325000000000000000e+01
7.100000000000005196e-01 1.140000000000000000e+02 5.350000000000000000e+01
7.150000000000005240e-01 1.140000000000000000e+02 5.350000000000000000e+01
7.200000000000005285e-01 1.135000000000000000e+02 5.350000000000000000e+01
7.250000000000005329e-01 1.132500000000000000e+02 5.350000000000000000e+01
7.300000000000005373e-01 1.127500000000000000e+02 5.325000000000000000e+01
7.350000000000005418e-01 1.125000000000000000e+02 5.300000000000000000e+01
7.400000000000005462e-01 1.120000000000000000e+02 5.275000000000000000e+01
7.450000000000005507e-01 1.120000000000000000e+02 5.225000000000000000e+01
7.500000000000005551e-01 1.115000000000000000e+02 5.200000000000000000e+01
7.550000000000005596e-01 1.112500000000000000e+02 5.175000000000000000e+01
7.600000000000005640e-01 1.107500000000000000e+02 5.175000000000000000e+01
7.650000000000005684e-01 1.105000000000000000e+02 5.150000000000000000e+01
7.700000000000005729e-01 1.105000000000000000e+02 5.175000000000000000e+01
7.750000000000005773e-01 1.102500000000000000e+02 5.175000000000000000e+01
7.800000000000005818e-01 1.100000000000000000e+02 5.200000000000000000e+01
7.850000000000005862e-01 1.095000000000000000e+02 5.225000000000000000e+01
7.900000000000005906e-01 1.090000000000000000e+02 5.300000000000000000e+01
7.950000000000005951e-01 1.087500000000000000e+02 5.425000000000000000e+01
8.000000000000005995e-01 1.085000000000000000e+02 5.525000000000000000e+01
8.050000000000006040e-01 1.082500000000000000e+02 5.625000000000000000e+01
8.100000000000006084e-01 1.077500000000000000e+02 5.650000000000000000e+01
8.150000000000006128e-01 1.075000000000000000e+02 5.650000000000000000e+01
8.200000000000006173e-01 1.072500000000000000e+02 5.600000000000000000e+01
8.250000000000006217e-01 1.072500000000000000e+02 5.625000000000000000e+01
8.300000000000006262e-01 1.070000000000000000e+02 5.650000000000000000e+01
8.350000000000006306e-01 1.067500000000000000e+02 5.700000000000000000e+01
8.400000000000006350e-01 1.062500000000000000e+02 5.725000000000000000e+01
8.450000000000006395e-01 1.057500000000000000e+02 5.750000000000000000e+01
8.500000000000006439e-01 1.052500000000000000e+02 5.775000000000000000e+01
8.550000000000006484e-01 1.050000000000000000e+02 5.825000000000000000e+01
8.600000000000006528e-01 1.042500000000000000e+02 5.850000000000000000e+01
8.650000000000006573e-01 1.035000000000000000e+02 5.875000000000000000e+01
8.700000000000006617e-01 1.032500000000000000e+02 5.925000000000000000e+01
8.750000000000006661e-01 1.030000000000000000e+02 6.025000000000000000e+01
8.800000000000006706e-01 1.030000000000000000e+02 6.200000000000000000e+01
8.850000000000006750e-01 1.027500000000000000e+02 6.375000000000000000e+01
8.900000000000006795e-01 1.032500000000000000e+02 6.525000000000000000e+01
8.950000000000006839e-01 1.035000000000000000e+02 6.725000000000000000e+01
9.000000000000006883e-01 1.037500000000000000e+02 7.025000000000000000e+01
9.050000000000006928e-01 1.032500000000000000e+02 7.250000000000000000e+01
9.100000000000006972e-01 1.030000000000000000e+02 7.500000000000000000e+01
9.150000000000007017e-01 1.022500000000000000e+02 7.750000000000000000e+01
9.200000000000007061e-01 1.020000000000000000e+02 8.025000000000000000e+01
9.250000000000007105e-01 1.030000000000000000e+02 8.275000000000000000e+01
9.300000000000007150e-01 1.040000000000000000e+02 8.525000000000000000e+01
9.350000000000007194e-01 1.062500000000000000e+02 8.775000000000000000e+01
9.400000000000007239e-01 1.092500000000000000e+02 9.000000000000000000e+01
9.450000000000007283e-01 1.127500000000000000e+02 9.200000000000000000e+01
9.500000000000007327e-01 1.160000000000000000e+02 9.375000000000000000e+01
9.550000000000007372e-01 1.195000000000000000e+02 9.550000000000000000e+01
9.600000000000007416e-01 1.222500000000000000e+02 9.675000000000000000e+01
9.650000000000007461e-01 1.252500000000000000e+02 9.825000000000000000e+01
9.700000000000007505e-01 1.285000000000000000e+02 9.950000000000000000e+01
9.750000000000007550e-01 1.315000000000000000e+02 1.010000000000000000e+02
9.800000000000007594e-01 1.335000000000000000e+02 1.022500000000000000e+02
9.850000000000007638e-01 1.342500000000000000e+02 1.032500000000000000e+02
9.900000000000007683e-01 1.342500000000000000e+02 1.042500000000000000e+02
9.950000000000007727e-01 1.347500000000000000e+02 1.057500000000000000e+02
1.000000000000000666e+00 1.360000000000000000e+02 1.067500000000000000e+02
1.005000000000000560e+00 1.382500000000000000e+02 1.080000000000000000e+02
1.010000000000000453e+00 1.415000000000000000e+02 1.092500000000000000e+02
1.015000000000000346e+00 1.450000000000000000e+02 1.107500000000000000e+02
1.020000000000000240e+00 1.482500000000000000e+02 1.122500000000000000e+02
1.025000000000000133e+00 1.507500000000000000e+02 1.135000000000000000e+02
1.030000000000000027e+00 1.527500000000000000e+02 1.150000000000000000e+02
1.034999999999999920e+00 1.552500000000000000e+02 1.167500000000000000e+02
1.039999999999999813e+00 1.570000000000000000e+02 1.180000000000000000e+02
1.044999999999999707e+00 1.585000000000000000e+02 1.192500000000000000e+02
1.049999999999999600e+00 1.602500000000000000e+02 1.207500000000000000e+02
1.054999999999999494e+00 1.617500000000000000e+02 1.220000000000000000e+02
1.059999999999999387e+00 1.635000000000000000e+02 1.232500000000000000e+02
1.064999999999999281e+00 1.655000000000000000e+02 1.242500000000000000e+02
1.069999999999999174e+00 1.675000000000000000e+02 1.255000000000000000e+02
1.074999999999999067e+00 1.692500000000000000e+02 1.265000000000000000e+02
1.079999999999998961e+00 1.712500000000000000e+02 1.275000000000000000e+02
1.084999999999998854e+00 1.725000000000000000e+02 1.287500000000000000e+02
1.089999999999998748e+00 1.737500000000000000e+02 1.300000000000000000e+02
1.094999999999998641e+00 1.755000000000000000e+02 1.307500000000000000e+02
1.099999999999998535e+00 1.765000000000000000e+02 1.317500000000000000e+02
1.104999999999998428e+00 1.777500000000000000e+02 1.325000000000000000e+02
1.109999999999998321e+00 1.790000000000000000e+02 1.335000000000000000e+02
1.114999999999998215e+00 1.802500000000000000e+02 1.342500000000000000e+02
1.119999999999998108e+00 1.810000000000000000e+02 1.352500000000000000e+02
1.124999999999998002e+00 1.820000000000000000e+02 1.362500000000000000e+02
1.129999999999997895e+00 1.827500000000000000e+02 1.367500000000000000e+02
1.134999999999997788e+00 1.835000000000000000e+02 1.372500000000000000e+02
1.139999999999997682e+00 1.837500000000000000e+02 1.375000000000000000e+02
1.144999999999997575e+00 1.845000000000000000e+02 1.380000000000000000e+02
1.149999999999997469e+00 1.847500000000000000e+02 1.382500000000000000e+02
1.154999999999997362e+00 1.852500000000000000e+02 1.387500000000000000e+02
1.159999999999997256e+00 1.855000000000000000e+02 1.387500000000000000e+02
1.164999999999997149e+00 1.855000000000000000e+02 1.390000000000000000e+02
1.169999999999997042e+00 1.860000000000000000e+02 1.395000000000000000e+02
1.174999999999996936e+00 1.865000000000000000e+02 1.395000000000000000e+02
1.179999999999996829e+00 1.862500000000000000e+02 1.392500000000000000e+02
1.184999999999996723e+00 1.860000000000000000e+02 1.390000000000000000e+02
1.189999999999996616e+00 1.852500000000000000e+02 1.387500000000000000e+02
1.194999999999996509e+00 1.842500000000000000e+02 1.387500000000000000e+02
1.199999999999996403e+00 1.830000000000000000e+02 1.380000000000000000e+02
1.204999999999996296e+00 1.815000000000000000e+02 1.370000000000000000e+02
1.209999999999996190e+00 1.797500000000000000e+02 1.357500000000000000e+02
1.214999999999996083e+00 1.780000000000000000e+02 1.347500000000000000e+02
1.219999999999995977e+00 1.757500000000000000e+02 1.330000000000000000e+02
1.224999999999995870e+00 1.730000000000000000e+02 1.310000000000000000e+02
1.229999999999995763e+00 1.695000000000000000e+02 1.287500000000000000e+02
1.234999999999995657e+00 1.660000000000000000e+02 1.262500000000000000e+02
1.239999999999995550e+00 1.622500000000000000e+02 1.235000000000000000e+02
1.244999999999995444e+00 1.580000000000000000e+02 1.202500000000000000e+02
1.249999999999995337e+00 1.545000000000000000e+02 1.170000000000000000e+02
1.254999999999995230e+00 1.527500000000000000e+02 1.140000000000000000e+02
1.259999999999995124e+00 1.530000000000000000e+02 1.115000000000000000e+02
1.264999999999995017e+00 1.545000000000000000e+02 1.085000000000000000e+02
1.269999999999994911e+00 1.562500000000000000e+02 1.057500000000000000e+02
1.274999999999994804e+00 1.567500000000000000e+02 1.032500000000000000e+02
1.279999999999994698e+00 1.562500000000000000e+02 1.007500000000000000e+02
1.284999999999994591e+00 1.542500000000000000e+02 9.850000000000000000e+01
1.289999999999994484e+00 1.520000000000000000e+02 9.625000000000000000e+01
1.294999999999994378e+00 1.497500000000000000e+02 9.375000000000000000e+01
1.299999999999994271e+00 1.482500000000000000e+02 9.125000000000000000e+01
1.304999999999994165e+00 1.477500000000000000e+02 8.875000000000000000e+01
1.309999999999994058e+00 1.475000000000000000e+02 8.625000000000000000e+01
1.314999999999993952e+00 1.472500000000000000e+02 8.400000000000000000e+01
1.319999999999993845e+00 1.465000000000000000e+02 8.200000000000000000e+01
1.324999999999993738e+00 1.452500000000000000e+02 7.975000000000000000e+01
1.329999999999993632e+00 1.442500000000000000e+02 7.800000000000000000e+01
1.334999999999993525e+00 1.422500000000000000e+02 7.625000000000000000e+01
1.339999999999993419e+00 1.412500000000000000e+02 7.450000000000000000e+01
1.344999999999993312e+00 1.402500000000000000e+02 7.275000000000000000e+01
1.349999999999993205e+00 1.392500000000000000e+02 7.125000000000000000e+01
1.354999999999993099e+00 1.385000000000000000e+02 6.975000000000000000e+01
1.359999999999992992e+00 1.375000000000000000e+02 6.825000000000000000e+01
1.364999999999992886e+00 1.372500000000000000e+02 6.700000000000000000e+01
1.369999999999992779e+00 1.362500000000000000e+02 6.550000000000000000e+01
1.374999999999992673e+00 1.352500000000000000e+02 6.425000000000000000e+01
1.379999999999992566e+00 1.342500000000000000e+02 6.275000000000000000e+01
1.384999999999992459e+00 1.335000000000000000e+02 6.150000000000000000e+01
1.389999999999992353e+00 1.327500000000000000e+02 6.050000000000000000e+01
1.394999999999992246e+00 1.320000000000000000e+02 5.925000000000000000e+01
1.399999999999992140e+00 1.312500000000000000e+02 5.825000000000000000e+01
1.404999999999992033e+00 1.305000000000000000e+02 5.775000000000000000e+01
1.409999999999991926e+00 1.297500000000000000e+02 5.700000000000000000e+01
1.414999999999991820e+00 1.290000000000000000e+02 5.650000000000000000e+01
1.419999999999991713e+00 1.282500000000000000e+02 5.625000000000000000e+01
1.424999999999991607e+00 1.277500000000000000e+02 5.575000000000000000e+01
1.429999999999991500e+00 1.267500000000000000e+02 5.525000000000000000e+01
1.434999999999991394e+00 1.265000000000000000e+02 5.525000000000000000e+01
1.439999999999991287e+00 1.257500000000000000e+02 5.475000000000000000e+01
1.444999999999991180e+00 1.250000000000000000e+02 5.450000000000000000e+01
1.449999999999991074e+00 1.245000000000000000e+02 5.425000000000000000e+01
1.454999999999990967e+00 1.237500000000000000e+02 5.400000000000000000e+01
1.459999999999990861e+00 1.230000000000000000e+02 5.375000000000000000e+01
1.464999999999990754e+00 1.225000000000000000e+02 5.350000000000000000e+01
1.469999999999990647e+00 1.220000000000000000e+02 5.350000000000000000e+01
1.474999999999990541e+00 1.210000000000000000e+02 5.350000000000000000e+01
1.479999999999990434e+00 1.205000000000000000e+02 5.325000000000000000e+01
1.484999999999990328e+00 1.202500000000000000e+02 5.300000000000000000e+01
1.489999999999990221e+00 1.192500000000000000e+02 5.300000000000000000e+01
1.494999999999990115e+00 1.187500000000000000e+02 5.275000000000000000e+01
1.499999999999990008e+00 1.182500000000000000e+02 5.250000000000000000e+01
1.504999999999989901e+00 1.177500000000000000e+02 5.250000000000000000e+01
1.509999999999989795e+00 1.170000000000000000e+02 5.225000000000000000e+01
1.514999999999989688e+00 1.165000000000000000e+02 5.225000000000000000e+01
1.519999999999989582e+00 1.160000000000000000e+02 5.225000000000000000e+01
1.524999999999989475e+00 1.155000000000000000e+02 5.225000000000000000e+01
1.529999999999989369e+00 1.147500000000000000e+02 5.200000000000000000e+01
1.534999999999989262e+00 1.145000000000000000e+02 5.200000000000000000e+01
1.539999999999989155e+00 1.140000000000000000e+02 5.175000000000000000e+01
1.544999999999989049e+00 1.137500000000000000e+02 5.175000000000000000e+01
1.549999999999988942e+00 1.132500000000000000e+02 5.150000000000000000e+01
1.554999999999988836e+00 1.127500000000000000e+02 5.125000000000000000e+01
1.559999999999988729e+00 1.125000000000000000e+02 5.125000000000000000e+01
1.564999999999988622e+00 1.122500000000000000e+02 5.100000000000000000e+01
1.569999999999988516e+00 1.117500000000000000e+02 5.100000000000000000e+01
1.574999999999988409e+00 1.115000000000000000e+02 5.100000000000000000e+01
1.579999999999988303e+00 1.110000000000000000e+02 5.075000000000000000e+01
1.584999999999988196e+00 1.105000000000000000e+02 5.050000000000000000e+01
1.589999999999988090e+00 1.105000000000000000e+02 5.025000000000000000e+01
1.594999999999987983e+00 1.102500000000000000e+02 5.000000000000000000e+01
1.599999999999987876e+00 1.100000000000000000e+02 5.000000000000000000e+01
1.604999999999987770e+00 1.097500000000000000e+02 4.975000000000000000e+01
1.609999999999987663e+00 1.092500000000000000e+02 4.900000000000000000e+01
1.614999999999987557e+00 1.087500000000000000e+02 4.875000000000000000e+01
1.619999999999987450e+00 1.087500000000000000e+02 4.875000000000000000e+01
1.624999999999987343e+00 1.085000000000000000e+02 4.900000000000000000e+01
1.629999999999987237e+00 1.080000000000000000e+02 4.950000000000000000e+01
1.634999999999987130e+00 1.077500000000000000e+02 5.000000000000000000e+01
1.639999999999987024e+00 1.072500000000000000e+02 5.125000000000000000e+01
1.644999999999986917e+00 1.070000000000000000e+02 5.300000000000000000e+01
1.649999999999986811e+00 1.065000000000000000e+02 5.650000000000000000e+01
1.654999999999986704e+00 1.062500000000000000e+02 6.000000000000000000e+01
1.659999999999986597e+00 1.062500000000000000e+02 5.900000000000000000e+01
1.664999999999986491e+00 1.057500000000000000e+02 5.600000000000000000e+01
1.669999999999986384e+00 1.055000000000000000e+02 5.425000000000000000e+01
1.674999999999986278e+00 1.052500000000000000e+02 5.375000000000000000e+01
1.679999999999986171e+00 1.050000000000000000e+02 5.350000000000000000e+01
1.684999999999986064e+00 1.045000000000000000e+02 5.375000000000000000e+01
1.689999999999985958e+00 1.042500000000000000e+02 5.425000000000000000e+01
1.694999999999985851e+00 1.040000000000000000e+02 5.450000000000000000e+01
1.699999999999985745e+00 1.035000000000000000e+02 5.475000000000000000e+01
1.704999999999985638e+00 1.030000000000000000e+02 5.525000000000000000e+01
1.709999999999985532e+00 1.025000000000000000e+02 5.550000000000000000e+01
1.714999999999985425e+00 1.020000000000000000e+02 5.600000000000000000e+01
1.719999999999985318e+00 1.015000000000000000e+02 5.650000000000000000e+01
1.724999999999985212e+00 1.010000000000000000e+02 5.750000000000000000e+01
1.729999999999985105e+00 1.010000000000000000e+02 5.900000000000000000e+01
1.734999999999984999e+00 1.007500000000000000e+02 6.125000000000000000e+01
1.739999999999984892e+00 1.012500000000000000e+02 6.275000000000000000e+01
1.744999999999984786e+00 1.015000000000000000e+02 6.400000000000000000e+01
1.749999999999984679e+00 1.012500000000000000e+02 6.600000000000000000e+01
1.754999999999984572e+00 1.010000000000000000e+02 6.850000000000000000e+01
1.759999999999984466e+00 1.005000000000000000e+02 7.100000000000000000e+01
1.764999999999984359e+00 1.000000000000000000e+02 7.300000000000000000e+01
1.769999999999984253e+00 9.975000000000000000e+01 7.550000000000000000e+01
1.774999999999984146e+00 1.000000000000000000e+02 7.800000000000000000e+01
1.779999999999984039e+00 1.002500000000000000e+02 8.050000000000000000e+01
1.784999999999983933e+00 1.020000000000000000e+02 8.300000000000000000e+01
1.789999999999983826e+00 1.047500000000000000e+02 8.550000000000000000e+01
1.794999999999983720e+00 1.077500000000000000e+02 8.750000000000000000e+01
1.799999999999983613e+00 1.105000000000000000e+02 8.950000000000000000e+01
1.804999999999983507e+00 1.137500000000000000e+02 9.100000000000000000e+01
1.809999999999983400e+00 1.170000000000000000e+02 9.250000000000000000e+01
1.814999999999983293e+00 1.202500000000000000e+02 9.375000000000000000e+01
1.819999999999983187e+00 1.237500000000000000e+02 9.525000000000000000e+01
1.824999999999983080e+00 1.275000000000000000e+02 9.650000000000000000e+01
1.829999999999982974e+00 1.295000000000000000e+02 9.800000000000000000e+01
1.834999999999982867e+00 1.300000000000000000e+02 9.925000000000000000e+01
1.839999999999982760e+00 1.300000000000000000e+02 1.002500000000000000e+02
1.844999999999982654e+00 1.297500000000000000e+02 1.015000000000000000e+02
1.849999999999982547e+00 1.305000000000000000e+02 1.027500000000000000e+02
1.854999999999982441e+00 1.322500000000000000e+02 1.042500000000000000e+02
1.859999999999982334e+00 1.350000000000000000e+02 1.055000000000000000e+02
1.864999999999982228e+00 1.390000000000000000e+02 1.072500000000000000e+02
1.869999999999982121e+00 1.425000000000000000e+02 1.090000000000000000e+02
1.874999999999982014e+00 1.457500000000000000e+02 1.107500000000000000e+02
1.879999999999981908e+00 1.485000000000000000e+02 1.127500000000000000e+02
1.884999999999981801e+00 1.505000000000000000e+02 1.140000000000000000e+02
1.889999999999981695e+00 1.517500000000000000e+02 1.157500000000000000e+02
1.894999999999981588e+00 1.525000000000000000e+02 1.170000000000000000e+02
1.899999999999981481e+00 1.540000000000000000e+02 1.187500000000000000e+02
1.904999999999981375e+00 1.550000000000000000e+02 1.197500000000000000e+02
1.909999999999981268e+00 1.570000000000000000e+02 1.212500000000000000e+02
1.914999999999981162e+00 1.590000000000000000e+02 1.222500000000000000e+02
1.919999999999981055e+00 1.607500000000000000e+02 1.232500000000000000e+02
1.924999999999980949e+00 1.627500000000000000e+02 1.242500000000000000e+02
1.929999999999980842e+00 1.645000000000000000e+02 1.252500000000000000e+02
1.934999999999980735e+00 1.662500000000000000e+02 1.262500000000000000e+02
1.939999999999980629e+00 1.677500000000000000e+02 1.272500000000000000e+02
1.944999999999980522e+00 1.687500000000000000e+02 1.282500000000000000e+02
1.949999999999980416e+00 1.702500000000000000e+02 1.287500000000000000e+02
1.954999999999980309e+00 1.712500000000000000e+02 1.300000000000000000e+02
1.959999999999980203e+00 1.722500000000000000e+02 1.307500000000000000e+02
1.964999999999980096e+00 1.732500000000000000e+02 1.317500000000000000e+02
1.969999999999979989e+00 1.742500000000000000e+02 1.322500000000000000e+02
1.974999999999979883e+00 1.752500000000000000e+02 1.330000000000000000e+02
1.979999999999979776e+00 1.760000000000000000e+02 1.337500000000000000e+02
1.984999999999979670e+00 1.767500000000000000e+02 1.340000000000000000e+02
1.989999999999979563e+00 1.775000000000000000e+02 1.342500000000000000e+02
1.994999999999979456e+00 1.780000000000000000e+02 1.350000000000000000e+02
1.999999999999979350e+00 1.787500000000000000e+02 1.355000000000000000e+02
2.004999999999979465e+00 1.795000000000000000e+02 1.360000000000000000e+02
2.009999999999979359e+00 1.800000000000000000e+02 1.365000000000000000e+02
2.014999999999979252e+00 1.800000000000000000e+02 1.365000000000000000e+02
2.019999999999979146e+00 1.797500000000000000e+02 1.365000000000000000e+02
2.024999999999979039e+00 1.797500000000000000e+02 1.367500000000000000e+02
2.029999999999978932e+00 1.792500000000000000e+02 1.367500000000000000e+02
2.034999999999978826e+00 1.790000000000000000e+02 1.365000000000000000e+02
2.039999999999978719e+00 1.785000000000000000e+02 1.360000000000000000e+02
2.044999999999978613e+00 1.780000000000000000e+02 1.352500000000000000e+02
2.049999999999978506e+00 1.767500000000000000e+02 1.345000000000000000e+02
2.054999999999978400e+00 1.757500000000000000e+02 1.335000000000000000e+02
2.059999999999978293e+00 1.742500000000000000e+02 1.322500000000000000e+02
2.064999999999978186e+00 1.727500000000000000e+02 1.307500000000000000e+02
2.069999999999978080e+00 1.697500000000000000e+02 1.290000000000000000e+02
2.074999999999977973e+00 1.670000000000000000e+02 1.270000000000000000e+02
2.079999999999977867e+00 1.637500000000000000e+02 1.245000000000000000e+02
2.084999999999977760e+00 1.605000000000000000e+02 1.220000000000000000e+02
2.089999999999977653e+00 1.567500000000000000e+02 1.192500000000000000e+02
2.094999999999977547e+00 1.532500000000000000e+02 1.157500000000000000e+02
2.099999999999977440e+00 1.512500000000000000e+02 1.127500000000000000e+02
2.104999999999977334e+00 1.507500000000000000e+02 1.102500000000000000e+02
2.109999999999977227e+00 1.515000000000000000e+02 1.077500000000000000e+02
2.114999999999977121e+00 1.530000000000000000e+02 1.050000000000000000e+02
2.119999999999977014e+00 1.542500000000000000e+02 1.022500000000000000e+02
2.124999999999976907e+00 1.537500000000000000e+02 1.000000000000000000e+02
2.129999999999976801e+00 1.525000000000000000e+02 9.775000000000000000e+01
2.134999999999976694e+00 1.507500000000000000e+02 9.550000000000000000e+01
2.139999999999976588e+00 1.485000000000000000e+02 9.325000000000000000e+01
2.144999999999976481e+00 1.470000000000000000e+02 9.125000000000000000e+01
2.149999999999976374e+00 1.465000000000000000e+02 8.900000000000000000e+01
2.154999999999976268e+00 1.465000000000000000e+02 8.675000000000000000e+01
2.159999999999976161e+00 1.465000000000000000e+02 8.450000000000000000e+01
2.164999999999976055e+00 1.457500000000000000e+02 8.225000000000000000e+01
2.169999999999975948e+00 1.450000000000000000e+02 8.025000000000000000e+01
2.174999999999975842e+00 1.432500000000000000e+02 7.775000000000000000e+01
2.179999999999975735e+00 1.422500000000000000e+02 7.600000000000000000e+01
2.184999999999975628e+00 1.410000000000000000e+02 7.400000000000000000e+01
2.189999999999975522e+00 1.397500000000000000e+02 7.200000000000000000e+01
2.194999999999975415e+00 1.390000000000000000e+02 7.000000000000000000e+01
2.199999999999975309e+00 1.380000000000000000e+02 6.825000000000000000e+01
2.204999999999975202e+00 1.372500000000000000e+02 6.650000000000000000e+01
2.209999999999975095e+00 1.365000000000000000e+02 6.500000000000000000e+01
2.214999999999974989e+00 1.360000000000000000e+02 6.325000000000000000e+01
2.219999999999974882e+00 1.352500000000000000e+02 6.175000000000000000e+01
2.224999999999974776e+00 1.345000000000000000e+02 6.025000000000000000e+01
2.229999999999974669e+00 1.335000000000000000e+02 5.925000000000000000e+01
2.234999999999974563e+00 1.330000000000000000e+02 5.825000000000000000e+01
2.239999999999974456e+00 1.320000000000000000e+02 5.725000000000000000e+01
2.244999999999974349e+00 1.315000000000000000e+02 5.650000000000000000e+01
2.249999999999974243e+00 1.310000000000000000e+02 5.600000000000000000e+01
2.254999999999974136e+00 1.305000000000000000e+02 5.575000000000000000e+01
2.259999999999974030e+00 1.297500000000000000e+02 5.525000000000000000e+01
2.264999999999973923e+00 1.290000000000000000e+02 5.500000000000000000e+01
2.269999999999973817e+00 1.282500000000000000e+02 5.475000000000000000e+01
2.274999999999973710e+00 1.277500000000000000e+02 5.450000000000000000e+01
2.279999999999973603e+00 1.272500000000000000e+02 5.425000000000000000e+01
2.284999999999973497e+00 1.265000000000000000e+02 5.425000000000000000e+01
2.289999999999973390e+00 1.257500000000000000e+02 5.425000000000000000e+01
2.294999999999973284e+00 1.252500000000000000e+02 5.400000000000000000e+01
2.299999999999973177e+00 1.242500000000000000e+02 5.375000000000000000e+01
2.304999999999973070e+00 1.235000000000000000e+02 5.350000000000000000e+01
2.309999999999972964e+00 1.232500000000000000e+02 5.350000000000000000e+01
2.314999999999972857e+00 1.225000000000000000e+02 5.375000000000000000e+01
2.319999999999972751e+00 1.222500000000000000e+02 5.375000000000000000e+01
2.324999999999972644e+00 1.210000000000000000e+02 5.350000000000000000e+01
2.329999999999972538e+00 1.207500000000000000e+02 5.350000000000000000e+01
2.334999999999972431e+00 1.200000000000000000e+02 5.350000000000000000e+01
2.339999999999972324e+00 1.197500000000000000e+02 5.325000000000000000e+01
2.344999999999972218e+00 1.190000000000000000e+02 5.300000000000000000e+01
2.349999999999972111e+00 1.187500000000000000e+02 5.300000000000000000e+01
2.354999999999972005e+00 1.182500000000000000e+02 5.325000000000000000e+01
2.359999999999971898e+00 1.177500000000000000e+02 5.300000000000000000e+01
2.364999999999971791e+00 1.172500000000000000e+02 5.300000000000000000e+01
2.369999999999971685e+00 1.165000000000000000e+02 5.300000000000000000e+01
2.374999999999971578e+00 1.160000000000000000e+02 5.300000000000000000e+01
2.379999999999971472e+00 1.155000000000000000e+02 5.275000000000000000e+01
2.384999999999971365e+00 1.150000000000000000e+02 5.250000000000000000e+01
2.389999999999971259e+00 1.145000000000000000e+02 5.225000000000000000e+01
2.394999999999971152e+00 1.142500000000000000e+02 5.225000000000000000e+01
2.399999999999971045e+00 1.137500000000000000e+02 5.225000000000000000e+01
2.404999999999970939e+00 1.132500000000000000e+02 5.225000000000000000e+01
2.409999999999970832e+00 1.132500000000000000e+02 5.225000000000000000e+01
2.414999999999970726e+00 1.127500000000000000e+02 5.225000000000000000e+01
2.419999999999970619e+00 1.125000000000000000e+02 5.225000000000000000e+01
2.424999999999970512e+00 1.120000000000000000e+02 5.225000000000000000e+01
2.429999999999970406e+00 1.117500000000000000e+02 5.200000000000000000e+01
2.434999999999970299e+00 1.112500000000000000e+02 5.175000000000000000e+01
2.439999999999970193e+00 1.110000000000000000e+02 5.175000000000000000e+01
2.444999999999970086e+00 1.110000000000000000e+02 5.150000000000000000e+01
2.449999999999969980e+00 1.105000000000000000e+02 5.125000000000000000e+01
2.454999999999969873e+00 1.102500000000000000e+02 5.100000000000000000e+01
2.459999999999969766e+00 1.100000000000000000e+02 5.050000000000000000e+01
2.464999999999969660e+00 1.097500000000000000e+02 5.050000000000000000e+01
2.469999999999969553e+00 1.095000000000000000e+02 5.050000000000000000e+01
2.474999999999969447e+00 1.095000000000000000e+02 5.075000000000000000e+01
2.479999999999969340e+00 1.090000000000000000e+02 5.125000000000000000e+01
2.484999999999969233e+00 1.090000000000000000e+02 5.225000000000000000e+01
2.489999999999969127e+00 1.087500000000000000e+02 5.325000000000000000e+01
2.494999999999969020e+00 1.082500000000000000e+02 5.425000000000000000e+01
2.499999999999968914e+00 1.080000000000000000e+02 5.475000000000000000e+01
2.504999999999968807e+00 1.077500000000000000e+02 5.475000000000000000e+01
2.509999999999968701e+00 1.070000000000000000e+02 5.450000000000000000e+01
2.514999999999968594e+00 1.070000000000000000e+02 5.450000000000000000e+01
2.519999999999968487e+00 1.065000000000000000e+02 5.475000000000000000e+01
2.524999999999968381e+00 1.062500000000000000e+02 5.500000000000000000e+01
2.529999999999968274e+00 1.060000000000000000e+02 5.550000000000000000e+01
2.534999999999968168e+00 1.060000000000000000e+02 5.575000000000000000e+01
2.539999999999968061e+00 1.055000000000000000e+02 5.625000000000000000e+01
2.544999999999967955e+00 1.052500000000000000e+02 5.650000000000000000e+01
2.549999999999967848e+00 1.047500000000000000e+02 5.675000000000000000e+01
2.554999999999967741e+00 1.040000000000000000e+02 5.700000000000000000e+01
2.559999999999967635e+00 1.035000000000000000e+02 5.750000000000000000e+01
2.564999999999967528e+00 1.032500000000000000e+02 5.800000000000000000e+01
2.569999999999967422e+00 1.025000000000000000e+02 5.875000000000000000e+01
2.574999999999967315e+00 1.025000000000000000e+02 6.025000000000000000e+01
2.579999999999967208e+00 1.025000000000000000e+02 6.250000000000000000e+01
2.584999999999967102e+00 1.025000000000000000e+02 6.425000000000000000e+01
2.589999999999966995e+00 1.030000000000000000e+02 6.525000000000000000e+01
2.594999999999966889e+00 1.027500000000000000e+02 6.750000000000000000e+01
2.599999999999966782e+00 1.027500000000000000e+02 7.025000000000000000e+01
2.604999999999966676e+00 1.022500000000000000e+02 7.250000000000000000e+01
2.609999999999966569e+00 1.017500000000000000e+02 7.475000000000000000e+01
2.614999999999966462e+00 1.010000000000000000e+02 7.725000000000000000e+01
2.619999999999966356e+00 1.015000000000000000e+02 7.975000000000000000e+01
2.624999999999966249e+00 1.022500000000000000e+02 8.250000000000000000e+01
2.629999999999966143e+00 1.040000000000000000e+02 8.500000000000000000e+01
2.634999999999966036e+00 1.065000000000000000e+02 8.750000000000000000e+01
2.639999999999965929e+00 1.097500000000000000e+02 8.975000000000000000e+01
2.644999999999965823e+00 1.127500000000000000e+02 9.150000000000000000e+01
2.649999999999965716e+00 1.160000000000000000e+02 9.325000000000000000e+01
2.654999999999965610e+00 1.187500000000000000e+02 9.500000000000000000e+01
2.659999999999965503e+00 1.217500000000000000e+02 9.625000000000000000e+01
2.664999999999965397e+00 1.250000000000000000e+02 9.750000000000000000e+01
2.669999999999965290e+00 1.285000000000000000e+02 9.875000000000000000e+01
2.674999999999965183e+00 1.310000000000000000e+02 1.000000000000000000e+02
2.679999999999965077e+00 1.317500000000000000e+02 1.010000000000000000e+02
2.684999999999964970e+00 1.315000000000000000e+02 1.020000000000000000e+02
2.689999999999964864e+00 1.315000000000000000e+02 1.030000000000000000e+02
2.694999999999964757e+00 1.325000000000000000e+02 1.042500000000000000e+02
2.699999999999964650e+00 1.342500000000000000e+02 1.052500000000000000e+02
2.704999999999964544e+00 1.372500000000000000e+02 1.065000000000000000e+02
2.709999999999964437e+00 1.407500000000000000e+02 1.080000000000000000e+02
2.714999999999964331e+00 1.442500000000000000e+02 1.092500000000000000e+02
2.719999999999964224e+00 1.477500000000000000e+02 1.107500000000000000e+02
2.724999999999964118e+00 1.507500000000000000e+02 1.120000000000000000e+02
2.729999999999964011e+00 1.527500000000000000e+02 1.132500000000000000e+02
2.734999999999963904e+00 1.545000000000000000e+02 1.150000000000000000e+02
2.739999999999963798e+00 1.557500000000000000e+02 1.162500000000000000e+02
2.744999999999963691e+00 1.570000000000000000e+02 1.175000000000000000e+02
2.749999999999963585e+00 1.582500000000000000e+02 1.187500000000000000e+02
2.754999999999963478e+00 1.597500000000000000e+02 1.200000000000000000e+02
2.759999999999963372e+00 1.617500000000000000e+02 1.212500000000000000e+02
2.764999999999963265e+00 1.637500000000000000e+02 1.227500000000000000e+02
2.769999999999963158e+00 1.657500000000000000e+02 1.240000000000000000e+02
2.774999999999963052e+00 1.677500000000000000e+02 1.250000000000000000e+02
2.779999999999962945e+00 1.695000000000000000e+02 1.257500000000000000e+02
2.784999999999962839e+00 1.715000000000000000e+02 1.270000000000000000e+02
2.789999999999962732e+00 1.725000000000000000e+02 1.280000000000000000e+02
2.794999999999962625e+00 1.737500000000000000e+02 1.287500000000000000e+02
2.799999999999962519e+00 1.745000000000000000e+02 1.297500000000000000e+02
2.804999999999962412e+00 1.755000000000000000e+02 1.305000000000000000e+02
2.809999999999962306e+00 1.767500000000000000e+02 1.315000000000000000e+02
2.814999999999962199e+00 1.775000000000000000e+02 1.322500000000000000e+02
2.819999999999962093e+00 1.790000000000000000e+02 1.330000000000000000e+02
2.824999999999961986e+00 1.800000000000000000e+02 1.340000000000000000e+02
2.829999999999961879e+00 1.807500000000000000e+02 1.345000000000000000e+02
2.834999999999961773e+00 1.817500000000000000e+02 1.352500000000000000e+02
2.839999999999961666e+00 1.820000000000000000e+02 1.352500000000000000e+02
2.844999999999961560e+00 1.827500000000000000e+02 1.357500000000000000e+02
2.849999999999961453e+00 1.830000000000000000e+02 1.365000000000000000e+02
2.854999999999961346e+00 1.830000000000000000e+02 1.367500000000000000e+02
2.859999999999961240e+00 1.832500000000000000e+02 1.370000000000000000e+02
2.864999999999961133e+00 1.832500000000000000e+02 1.370000000000000000e+02
2.869999999999961027e+00 1.832500000000000000e+02 1.370000000000000000e+02
2.874999999999960920e+00 1.830000000000000000e+02 1.372500000000000000e+02
2.879999999999960814e+00 1.827500000000000000e+02 1.372500000000000000e+02
2.884999999999960707e+00 1.825000000000000000e+02 1.370000000000000000e+02
2.889999999999960600e+00 1.820000000000000000e+02 1.367500000000000000e+02
2.894999999999960494e+00 1.805000000000000000e+02 1.362500000000000000e+02
2.899999999999960387e+00 1.795000000000000000e+02 1.357500000000000000e+02
2.904999999999960281e+00 1.782500000000000000e+02 1.347500000000000000e+02
2.909999999999960174e+00 1.762500000000000000e+02 1.332500000000000000e+02
2.914999999999960067e+00 1.742500000000000000e+02 1.325000000000000000e+02
2.919999999999959961e+00 1.715000000000000000e+02 1.307500000000000000e+02
2.924999999999959854e+00 1.685000000000000000e+02 1.287500000000000000e+02
2.929999999999959748e+00 1.647500000000000000e+02 1.262500000000000000e+02
2.934999999999959641e+00 1.615000000000000000e+02 1.237500000000000000e+02
2.939999999999959535e+00 1.575000000000000000e+02 1.207500000000000000e+02
2.944999999999959428e+00 1.542500000000000000e+02 1.175000000000000000e+02
2.949999999999959321e+00 1.520000000000000000e+02 1.145000000000000000e+02
2.954999999999959215e+00 1.517500000000000000e+02 1.120000000000000000e+02
2.959999999999959108e+00 1.527500000000000000e+02 1.092500000000000000e+02
2.964999999999959002e+00 1.545000000000000000e+02 1.062500000000000000e+02
2.969999999999958895e+00 1.552500000000000000e+02 1.037500000000000000e+02
2.974999999999958789e+00 1.550000000000000000e+02 1.012500000000000000e+02
2.979999999999958682e+00 1.537500000000000000e+02 9.900000000000000000e+01
2.984999999999958575e+00 1.517500000000000000e+02 9.675000000000000000e+01
2.989999999999958469e+00 1.495000000000000000e+02 9.425000000000000000e+01
2.994999999999958362e+00 1.482500000000000000e+02 9.175000000000000000e+01
2.999999999999958256e+00 1.472500000000000000e+02 8.950000000000000000e+01
3.004999999999958149e+00 1.470000000000000000e+02 8.725000000000000000e+01
3.009999999999958042e+00 1.467500000000000000e+02 8.500000000000000000e+01
3.014999999999957936e+00 1.462500000000000000e+02 8.325000000000000000e+01
3.019999999999957829e+00 1.450000000000000000e+02 8.100000000000000000e+01
3.024999999999957723e+00 1.437500000000000000e+02 7.900000000000000000e+01
3.029999999999957616e+00 1.422500000000000000e+02 7.725000000000000000e+01
3.034999999999957510e+00 1.412500000000000000e+02 7.575000000000000000e+01
3.039999999999957403e+00 1.402500000000000000e+02 7.375000000000000000e+01
3.044999999999957296e+00 1.392500000000000000e+02 7.225000000000000000e+01
3.049999999999957190e+00 1.382500000000000000e+02 7.075000000000000000e+01
3.054999999999957083e+00 1.375000000000000000e+02 6.900000000000000000e+01
3.059999999999956977e+00 1.367500000000000000e+02 6.750000000000000000e+01
3.064999999999956870e+00 1.362500000000000000e+02 6.600000000000000000e+01
3.069999999999956763e+00 1.352500000000000000e+02 6.425000000000000000e+01
3.074999999999956657e+00 1.345000000000000000e+02 6.300000000000000000e+01
3.079999999999956550e+00 1.337500000000000000e+02 6.175000000000000000e+01
3.084999999999956444e+00 1.327500000000000000e+02 6.075000000000000000e+01
3.089999999999956337e+00 1.320000000000000000e+02 5.975000000000000000e+01
3.094999999999956231e+00 1.312500000000000000e+02 5.900000000000000000e+01
3.099999999999956124e+00 1.305000000000000000e+02 5.825000000000000000e+01
3.104999999999956017e+00 1.297500000000000000e+02 5.800000000000000000e+01
3.109999999999955911e+00 1.292500000000000000e+02 5.775000000000000000e+01
3.114999999999955804e+00 1.285000000000000000e+02 5.700000000000000000e+01
3.119999999999955698e+00 1.277500000000000000e+02 5.700000000000000000e+01
3.124999999999955591e+00 1.272500000000000000e+02 5.675000000000000000e+01
3.129999999999955484e+00 1.267500000000000000e+02 5.650000000000000000e+01
3.134999999999955378e+00 1.257500000000000000e+02 5.650000000000000000e+01
3.139999999999955271e+00 1.252500000000000000e+02 5.625000000000000000e+01
3.144999999999955165e+00 1.242500000000000000e+02 5.600000000000000000e+01
3.149999999999955058e+00 1.237500000000000000e+02 5.600000000000000000e+01
3.154999999999954952e+00 1.230000000000000000e+02 5.575000000000000000e+01
3.159999999999954845e+00 1.225000000000000000e+02 5.550000000000000000e+01
3.164999999999954738e+00 1.220000000000000000e+02 5.575000000000000000e+01
3.169999999999954632e+00 1.212500000000000000e+02 5.550000000000000000e+01
3.174999999999954525e+00 1.207500000000000000e+02 5.525000000000000000e+01
3.179999999999954419e+00 1.202500000000000000e+02 5.525000000000000000e+01
3.184999999999954312e+00 1.195000000000000000e+02 5.500000000000000000e+01
3.189999999999954206e+00 1.190000000000000000e+02 5.475000000000000000e+01
3.194999999999954099e+00 1.185000000000000000e+02 5.450000000000000000e+01
3.199999999999953992e+00 1.177500000000000000e+02 5.425000000000000000e+01
3.204999999999953886e+00 1.172500000000000000e+02 5.425000000000000000e+01
3.209999999999953779e+00 1.167500000000000000e+02 5.400000000000000000e+01
3.214999999999953673e+00 1.162500000000000000e+02 5.375000000000000000e+01
3.219999999999953566e+00 1.157500000000000000e+02 5.375000000000000000e+01
3.224999999999953459e+00 1.152500000000000000e+02 5.350000000000000000e+01
3.229999999999953353e+00 1.147500000000000000e+02 5.350000000000000000e+01
3.234999999999953246e+00 1.142500000000000000e+02 5.325000000000000000e+01
3.239999999999953140e+00 1.137500000000000000e+02 5.325000000000000000e+01
3.244999999999953033e+00 1.132500000000000000e+02 5.325000000000000000e+01
3.249999999999952927e+00 1.127500000000000000e+02 5.300000000000000000e+01
3.254999999999952820e+00 1.122500000000000000e+02 5.300000000000000000e+01
3.259999999999952713e+00 1.122500000000000000e+02 5.300000000000000000e+01
3.264999999999952607e+00 1.117500000000000000e+02 5.300000000000000000e+01
3.269999999999952500e+00 1.115000000000000000e+02 5.300000000000000000e+01
3.274999999999952394e+00 1.112500000000000000e+02 5.300000000000000000e+01
3.279999999999952287e+00 1.107500000000000000e+02 5.300000000000000000e+01
3.284999999999952180e+00 1.105000000000000000e+02 5.300000000000000000e+01
3.289999999999952074e+00 1.105000000000000000e+02 5.300000000000000000e+01
3.294999999999951967e+00 1.100000000000000000e+02 5.300000000000000000e+01
3.299999999999951861e+00 1.100000000000000000e+02 5.275000000000000000e+01
3.304999999999951754e+00 1.095000000000000000e+02 5.225000000000000000e+01
3.309999999999951648e+00 1.092500000000000000e+02 5.200000000000000000e+01
3.314999999999951541e+00 1.090000000000000000e+02 5.150000000000000000e+01
3.319999999999951434e+00 1.087500000000000000e+02 5.125000000000000000e+01
3.324999999999951328e+00 1.087500000000000000e+02 5.125000000000000000e+01
3.329999999999951221e+00 1.082500000000000000e+02 5.125000000000000000e+01
3.334999999999951115e+00 1.080000000000000000e+02 5.125000000000000000e+01
3.339999999999951008e+00 1.075000000000000000e+02 5.150000000000000000e+01
3.344999999999950901e+00 1.067500000000000000e+02 5.200000000000000000e+01
3.349999999999950795e+00 1.067500000000000000e+02 5.275000000000000000e+01
3.354999999999950688e+00 1.062500000000000000e+02 5.375000000000000000e+01
3.359999999999950582e+00 1.060000000000000000e+02 5.475000000000000000e+01
3.364999999999950475e+00 1.057500000000000000e+02 5.550000000000000000e+01
3.369999999999950369e+00 1.055000000000000000e+02 5.600000000000000000e+01
3.374999999999950262e+00 1.052500000000000000e+02 5.600000000000000000e+01
3.379999999999950155e+00 1.052500000000000000e+02 5.600000000000000000e+01
3.384999999999950049e+00 1.050000000000000000e+02 5.600000000000000000e+01
3.389999999999949942e+00 1.047500000000000000e+02 5.600000000000000000e+01
3.394999999999949836e+00 1.045000000000000000e+02 5.625000000000000000e+01
3.399999999999949729e+00 1.040000000000000000e+02 5.675000000000000000e+01
3.404999999999949623e+00 1.035000000000000000e+02 5.700000000000000000e+01
3.409999999999949516e+00 1.027500000000000000e+02 5.750000000000000000e+01
3.414999999999949409e+00 1.022500000000000000e+02 5.775000000000000000e+01
3.419999999999949303e+00 1.017500000000000000e+02 5.800000000000000000e+01
3.424999999999949196e+00 1.012500000000000000e+02 5.825000000000000000e+01
3.429999999999949090e+00 1.010000000000000000e+02 5.875000000000000000e+01
3.434999999999948983e+00 1.007500000000000000e+02 5.975000000000000000e+01
3.439999999999948876e+00 1.007500000000000000e+02 6.175000000000000000e+01
3.444999999999948770e+00 1.007500000000000000e+02 6.300000000000000000e+01
3.449999999999948663e+00 1.010000000000000000e+02 6.450000000000000000e+01
3.454999999999948557e+00 1.012500000000000000e+02 6.675000000000000000e+01
3.459999999999948450e+00 1.012500000000000000e+02 6.950000000000000000e+01
3.464999999999948344e+00 1.010000000000000000e+02 7.200000000000000000e+01
3.469999999999948237e+00 1.007500000000000000e+02 7.425000000000000000e+01
3.474999999999948130e+00 1.002500000000000000e+02 7.725000000000000000e+01
3.479999999999948024e+00 1.000000000000000000e+02 7.975000000000000000e+01
3.484999999999947917e+00 1.010000000000000000e+02 8.225000000000000000e+01
3.489999999999947811e+00 1.027500000000000000e+02 8.450000000000000000e+01
3.494999999999947704e+00 1.052500000000000000e+02 8.700000000000000000e+01
3.499999999999947597e+00 1.087500000000000000e+02 8.900000000000000000e+01
3.504999999999947491e+00 1.122500000000000000e+02 9.075000000000000000e+01
3.509999999999947384e+00 1.155000000000000000e+02 9.275000000000000000e+01
3.514999999999947278e+00 1.182500000000000000e+02 9.425000000000000000e+01
3.519999999999947171e+00 1.210000000000000000e+02 9.550000000000000000e+01
3.524999999999947065e+00 1.242500000000000000e+02 9.700000000000000000e+01
3.529999999999946958e+00 1.275000000000000000e+02 9.850000000000000000e+01
3.534999999999946851e+00 1.305000000000000000e+02 9.975000000000000000e+01
3.539999999999946745e+00 1.320000000000000000e+02 1.010000000000000000e+02
3.544999999999946638e+00 1.327500000000000000e+02 1.020000000000000000e+02
3.549999999999946532e+00 1.327500000000000000e+02 1.030000000000000000e+02
3.554999999999946425e+00 1.327500000000000000e+02 1.042500000000000000e+02
3.559999999999946318e+00 1.342500000000000000e+02 1.055000000000000000e+02
3.564999999999946212e+00 1.370000000000000000e+02 1.065000000000000000e+02
3.569999999999946105e+00 1.402500000000000000e+02 1.080000000000000000e+02
3.574999999999945999e+00 1.432500000000000000e+02 1.092500000000000000e+02
3.579999999999945892e+00 1.465000000000000000e+02 1.105000000000000000e+02
3.584999999999945786e+00 1.492500000000000000e+02 1.120000000000000000e+02
3.589999999999945679e+00 1.517500000000000000e+02 1.132500000000000000e+02
3.594999999999945572e+00 1.532500000000000000e+02 1.150000000000000000e+02
3.599999999999945466e+00 1.550000000000000000e+02 1.162500000000000000e+02
3.604999999999945359e+00 1.565000000000000000e+02 1.177500000000000000e+02
3.609999999999945253e+00 1.585000000000000000e+02 1.192500000000000000e+02
3.614999999999945146e+00 1.600000000000000000e+02 1.205000000000000000e+02
3.619999999999945040e+00 1.617500000000000000e+02 1.217500000000000000e+02
3.624999999999944933e+00 1.632500000000000000e+02 1.227500000000000000e+02
3.629999999999944826e+00 1.650000000000000000e+02 1.240000000000000000e+02
3.634999999999944720e+00 1.670000000000000000e+02 1.252500000000000000e+02
3.639999999999944613e+00 1.685000000000000000e+02 1.262500000000000000e+02
3.644999999999944507e+00 1.705000000000000000e+02 1.275000000000000000e+02
3.649999999999944400e+00 1.717500000000000000e+02 1.282500000000000000e+02
3.654999999999944293e+00 1.730000000000000000e+02 1.292500000000000000e+02
3.659999999999944187e+00 1.740000000000000000e+02 1.302500000000000000e+02
3.664999999999944080e+00 1.750000000000000000e+02 1.310000000000000000e+02
3.669999999999943974e+00 1.760000000000000000e+02 1.317500000000000000e+02
3.674999999999943867e+00 1.770000000000000000e+02 1.327500000000000000e+02
3.679999999999943761e+00 1.780000000000000000e+02 1.335000000000000000e+02
3.684999999999943654e+00 1.787500000000000000e+02 1.340000000000000000e+02
3.689999999999943547e+00 1.792500000000000000e+02 1.347500000000000000e+02
3.694999999999943441e+00 1.800000000000000000e+02 1.352500000000000000e+02
3.699999999999943334e+00 1.807500000000000000e+02 1.357500000000000000e+02
3.704999999999943228e+00 1.815000000000000000e+02 1.365000000000000000e+02
3.709999999999943121e+00 1.820000000000000000e+02 1.367500000000000000e+02
3.714999999999943014e+00 1.822500000000000000e+02 1.370000000000000000e+02
3.719999999999942908e+00 1.825000000000000000e+02 1.372500000000000000e+02
3.724999999999942801e+00 1.827500000000000000e+02 1.375000000000000000e+02
3.729999999999942695e+00 1.825000000000000000e+02 1.375000000000000000e+02
3.734999999999942588e+00 1.822500000000000000e+02 1.375000000000000000e+02
3.739999999999942482e+00 1.820000000000000000e+02 1.372500000000000000e+02
3.744999999999942375e+00 1.817500000000000000e+02 1.370000000000000000e+02
3.749999999999942268e+00 1.812500000000000000e+02 1.365000000000000000e+02
3.754999999999942162e+00 1.802500000000000000e+02 1.362500000000000000e+02
3.759999999999942055e+00 1.792500000000000000e+02 1.355000000000000000e+02
3.764999999999941949e+00 1.780000000000000000e+02 1.347500000000000000e+02
3.769999999999941842e+00 1.765000000000000000e+02 1.335000000000000000e+02
3.774999999999941735e+00 1.742500000000000000e+02 1.320000000000000000e+02
3.779999999999941629e+00 1.720000000000000000e+02 1.302500000000000000e+02
3.784999999999941522e+00 1.687500000000000000e+02 1.282500000000000000e+02
3.789999999999941416e+00 1.652500000000000000e+02 1.257500000000000000e+02
3.794999999999941309e+00 1.617500000000000000e+02 1.230000000000000000e+02
3.799999999999941203e+00 1.580000000000000000e+02 1.200000000000000000e+02
3.804999999999941096e+00 1.542500000000000000e+02 1.170000000000000000e+02
3.809999999999940989e+00 1.525000000000000000e+02 1.142500000000000000e+02
3.814999999999940883e+00 1.522500000000000000e+02 1.112500000000000000e+02
3.819999999999940776e+00 1.527500000000000000e+02 1.085000000000000000e+02
3.824999999999940670e+00 1.542500000000000000e+02 1.057500000000000000e+02
3.829999999999940563e+00 1.547500000000000000e+02 1.027500000000000000e+02
3.834999999999940457e+00 1.537500000000000000e+02 1.007500000000000000e+02
3.839999999999940350e+00 1.525000000000000000e+02 9.800000000000000000e+01
3.844999999999940243e+00 1.502500000000000000e+02 9.550000000000000000e+01
3.849999999999940137e+00 1.482500000000000000e+02 9.325000000000000000e+01
3.854999999999940030e+00 1.467500000000000000e+02 9.075000000000000000e+01
3.859999999999939924e+00 1.460000000000000000e+02 8.850000000000000000e+01
3.864999999999939817e+00 1.460000000000000000e+02 8.625000000000000000e+01
3.869999999999939710e+00 1.455000000000000000e+02 8.425000000000000000e+01
3.874999999999939604e+00 1.447500000000000000e+02 8.225000000000000000e+01
3.879999999999939497e+00 1.435000000000000000e+02 8.025000000000000000e+01
3.884999999999939391e+00 1.422500000000000000e+02 7.850000000000000000e+01
3.889999999999939284e+00 1.412500000000000000e+02 7.675000000000000000e+01
3.894999999999939178e+00 1.400000000000000000e+02 7.500000000000000000e+01
3.899999999999939071e+00 1.387500000000000000e+02 7.325000000000000000e+01
3.904999999999938964e+00 1.375000000000000000e+02 7.150000000000000000e+01
3.909999999999938858e+00 1.367500000000000000e+02 6.975000000000000000e+01
3.914999999999938751e+00 1.360000000000000000e+02 6.825000000000000000e+01
3.919999999999938645e+00 1.352500000000000000e+02 6.700000000000000000e+01
3.924999999999938538e+00 1.345000000000000000e+02 6.550000000000000000e+01
3.929999999999938431e+00 1.337500000000000000e+02 6.375000000000000000e+01
3.934999999999938325e+00 1.330000000000000000e+02 6.250000000000000000e+01
3.939999999999938218e+00 1.322500000000000000e+02 6.125000000000000000e+01
3.944999999999938112e+00 1.315000000000000000e+02 6.000000000000000000e+01
3.949999999999938005e+00 1.307500000000000000e+02 5.925000000000000000e+01
3.954999999999937899e+00 1.300000000000000000e+02 5.825000000000000000e+01
3.959999999999937792e+00 1.292500000000000000e+02 5.725000000000000000e+01
3.964999999999937685e+00 1.285000000000000000e+02 5.650000000000000000e+01
3.969999999999937579e+00 1.275000000000000000e+02 5.600000000000000000e+01
3.974999999999937472e+00 1.267500000000000000e+02 5.575000000000000000e+01
3.979999999999937366e+00 1.262500000000000000e+02 5.525000000000000000e+01
3.984999999999937259e+00 1.257500000000000000e+02 5.475000000000000000e+01
3.989999999999937152e+00 1.250000000000000000e+02 5.450000000000000000e+01
3.994999999999937046e+00 1.245000000000000000e+02 5.425000000000000000e+01
3.999999999999936939e+00 1.235000000000000000e+02 5.400000000000000000e+01
4.004999999999936833e+00 1.227500000000000000e+02 5.350000000000000000e+01
4.009999999999936726e+00 1.222500000000000000e+02 5.350000000000000000e+01
4.014999999999936620e+00 1.212500000000000000e+02 5.325000000000000000e+01
4.019999999999936513e+00 1.207500000000000000e+02 5.300000000000000000e+01
4.024999999999936406e+00 1.202500000000000000e+02 5.300000000000000000e+01
4.029999999999936300e+00 1.195000000000000000e+02 5.300000000000000000e+01
4.034999999999936193e+00 1.190000000000000000e+02 5.275000000000000000e+01
4.039999999999936087e+00 1.182500000000000000e+02 5.250000000000000000e+01
4.044999999999935980e+00 1.180000000000000000e+02 5.225000000000000000e+01
4.049999999999935874e+00 1.172500000000000000e+02 5.225000000000000000e+01
4.054999999999935767e+00 1.165000000000000000e+02 5.225000000000000000e+01
4.059999999999935660e+00 1.160000000000000000e+02 5.225000000000000000e+01
4.064999999999935554e+00 1.157500000000000000e+02 5.200000000000000000e+01
4.069999999999935447e+00 1.150000000000000000e+02 5.200000000000000000e+01
4.074999999999935341e+00 1.145000000000000000e+02 5.200000000000000000e+01
4.079999999999935234e+00 1.140000000000000000e+02 5.175000000000000000e+01
4.084999999999935127e+00 1.132500000000000000e+02 5.175000000000000000e+01
4.089999999999935021e+00 1.130000000000000000e+02 5.150000000000000000e+01
4.094999999999934914e+00 1.125000000000000000e+02 5.150000000000000000e+01
4.099999999999934808e+00 1.120000000000000000e+02 5.125000000000000000e+01
4.104999999999934701e+00 1.117500000000000000e+02 5.125000000000000000e+01
4.109999999999934595e+00 1.112500000000000000e+02 5.100000000000000000e+01
4.114999999999934488e+00 1.107500000000000000e+02 5.075000000000000000e+01
4.119999999999934381e+00 1.105000000000000000e+02 5.050000000000000000e+01
4.124999999999934275e+00 1.102500000000000000e+02 5.050000000000000000e+01
4.129999999999934168e+00 1.097500000000000000e+02 5.050000000000000000e+01
4.134999999999934062e+00 1.095000000000000000e+02 5.050000000000000000e+01
4.139999999999933955e+00 1.092500000000000000e+02 5.050000000000000000e+01
4.144999999999933848e+00 1.090000000000000000e+02 5.025000000000000000e+01
4.149999999999933742e+00 1.082500000000000000e+02 5.000000000000000000e+01
4.154999999999933635e+00 1.080000000000000000e+02 5.000000000000000000e+01
4.159999999999933529e+00 1.077500000000000000e+02 4.950000000000000000e+01
4.164999999999933422e+00 1.075000000000000000e+02 4.950000000000000000e+01
4.169999999999933316e+00 1.072500000000000000e+02 4.900000000000000000e+01
4.174999999999933209e+00 1.070000000000000000e+02 4.875000000000000000e+01
4.179999999999933102e+00 1.067500000000000000e+02 4.850000000000000000e+01
4.184999999999932996e+00 1.062500000000000000e+02 4.850000000000000000e+01
4.189999999999932889e+00 1.060000000000000000e+02 4.875000000000000000e+01
4.194999999999932783e+00 1.060000000000000000e+02 4.925000000000000000e+01
4.199999999999932676e+00 1.052500000000000000e+02 5.050000000000000000e+01
4.204999999999932569e+00 1.045000000000000000e+02 5.200000000000000000e+01
4.209999999999932463e+00 1.045000000000000000e+02 5.425000000000000000e+01
4.214999999999932356e+00 1.040000000000000000e+02 5.650000000000000000e+01
4.219999999999932250e+00 1.037500000000000000e+02 5.600000000000000000e+01
4.224999999999932143e+00 1.035000000000000000e+02 5.425000000000000000e+01
4.229999999999932037e+00 1.032500000000000000e+02 5.300000000000000000e+01
4.234999999999931930e+00 1.030000000000000000e+02 5.250000000000000000e+01
4.239999999999931823e+00 1.027500000000000000e+02 5.250000000000000000e+01
4.244999999999931717e+00 1.025000000000000000e+02 5.300000000000000000e+01
4.249999999999931610e+00 1.025000000000000000e+02 5.325000000000000000e+01
4.254999999999931504e+00 1.020000000000000000e+02 5.350000000000000000e+01
4.259999999999931397e+00 1.012500000000000000e+02 5.400000000000000000e+01
4.264999999999931291e+00 1.010000000000000000e+02 5.425000000000000000e+01
4.269999999999931184e+00 1.005000000000000000e+02 5.475000000000000000e+01
4.274999999999931077e+00 1.000000000000000000e+02 5.500000000000000000e+01
4.279999999999930971e+00 9.975000000000000000e+01 5.525000000000000000e+01
4.284999999999930864e+00 9.925000000000000000e+01 5.600000000000000000e+01
4.289999999999930758e+00 9.925000000000000000e+01 5.700000000000000000e+01
4.294999999999930651e+00 9.900000000000000000e+01 5.950000000000000000e+01
4.299999999999930544e+00 9.925000000000000000e+01 6.150000000000000000e+01
4.304999999999930438e+00 9.925000000000000000e+01 6.275000000000000000e+01
4.309999999999930331e+00 9.950000000000000000e+01 6.425000000000000000e+01
4.314999999999930225e+00 9.950000000000000000e+01 6.650000000000000000e+01
4.319999999999930118e+00 9.900000000000000000e+01 6.900000000000000000e+01
4.324999999999930012e+00 9.850000000000000000e+01 7.125000000000000000e+01
4.329999999999929905e+00 9.775000000000000000e+01 7.375000000000000000e+01
4.334999999999929798e+00 9.750000000000000000e+01 7.600000000000000000e+01
